"Longitude (x)","Latitude (y)","Station Name","Climate ID","Date/Time","Year","Month","Day","Data Quality","Max Temp (°C)","Max Temp Flag","Min Temp (°C)","Min Temp Flag","Mean Temp (°C)","Mean Temp Flag","Heat Deg Days (°C)","Heat Deg Days Flag","Cool Deg Days (°C)","Cool Deg Days Flag","Total Rain (mm)","Total Rain Flag","Total Snow (cm)","Total Snow Flag","Total Precip (mm)","Total Precip Flag","Snow on Grnd (cm)","Snow on Grnd Flag","Dir of Max Gust (10s deg)","Dir of Max Gust Flag","Spd of Max Gust (km/h)","Spd of Max Gust Flag"
"-108.52","54.13","MEADOW LAKE","406N0NM","2026-01-01","2026","01","01","","-17.3","","-20.3","","-18.8","","36.8","","0.0","","","","","","0.0","","28","","","","",""
"-108.52","54.13","MEADOW LAKE","406N0NM","2026-01-02","2026","01","02","","-17.4","","-27.0","","-22.2","","40.2","","0.0","","","","","","2.6","","28","","","","",""
"-108.52","54.13","MEADOW LAKE","406N0NM","2026-01-03","2026","01","03","","-17.6","","-35.4","","-26.5","","44.5","","0.0","","","","","","1.7","","32","","","","",""
"-108.52","54.13","MEADOW LAKE","406N0NM","2026-01-04","2026","01","04","","-16.2","","-17.9","","-17.1","","35.1","","0.0","","","","","","1.4","","40","","","","",""
"-108.52","54.13","MEADOW LAKE","406N0NM","2026-01-05","2026","01","05","","-15.8","","-27.6","","-21.7","","39.7","","0.0","","","","","","0.4","","38","","","","",""
"-108.52","54.13","MEADOW LAKE","406N0NM","2026-01-06","2026","01","06","","-11.1","","-29.5","","-20.3","","38.3","","0.0","","","","","","0.0","","38","","","","",""
"-108.52","54.13","MEADOW LAKE","406N0NM","2026-01-07","2026","01","07","","-7.1","","-22.7","","-14.9","","32.9","","0.0","","","","","","0.0","","37","","","","",""
"-108.52","54.13","MEADOW LAKE","406N0NM","2026-01-08","2026","01","08","","-7.4","","-22.3","","-14.8","","32.8","","0.0","","","","","","0.3","","37","","","","",""
"-108.52","54.13","MEADOW LAKE","406N0NM","2026-01-09","2026","01","09","","-7.6","","-28.9","","-18.3","","36.3","","0.0","","","","","","0.0","","37","","","","",""
"-108.52","54.13","MEADOW LAKE","406N0NM","2026-01-10","2026","01","10","","1.3","","-28.6","","-13.7","","31.7","","0.0","","","","","","0.0","","37","","23","","37",""
"-108.52","54.13","MEADOW LAKE","406N0NM","2026-01-11","2026","01","11","","5.0","","-2.7","","1.1","","16.9","","0.0","","","","","","0.0","","35","","23","","38",""
"-108.52","54.13","MEADOW LAKE","406N0NM","2026-01-12","2026","01","12","","8.4","","-7.7","","0.4","","17.6","","0.0","","","","","","0.0","","34","","28","","67",""
"-108.52","54.13","MEADOW LAKE","406N0NM","2026-01-13","2026","01","13","","3.8","","-8.1","","-2.2","","20.2","","0.0","","","","","","0.0","","30","","","","",""
"-108.52","54.13","MEADOW LAKE","406N0NM","2026-01-14","2026","01","14","","8.6","","-5.5","","1.5","","16.5","","0.0","","","","","","0.0","","28","","28","","66",""
"-108.52","54.13","MEADOW LAKE","406N0NM","2026-01-15","2026","01","15","","5.5","","-10.5","","-2.5","","20.5","","0.0","","","","","","0.0","","27","","32","","88",""
"-108.52","54.13","MEADOW LAKE","406N0NM","2026-01-16","2026","01","16","","-10.3","","-26.1","","-18.2","","36.2","","0.0","","","","","","0.0","","27","","31","","54",""
"-108.52","54.13","MEADOW LAKE","406N0NM","2026-01-17","2026","01","17","","-0.1","","-21.2","","-10.6","","28.6","","0.0","","","","","","0.0","","27","","34","","62",""
"-108.52","54.13","MEADOW LAKE","406N0NM","2026-01-18","2026","01","18","","-8.1","","-26.3","","-17.2","","35.2","","0.0","","","","","","0.0","","27","","32","","50",""
"-108.52","54.13","MEADOW LAKE","406N0NM","2026-01-19","2026","01","19","","-13.3","","-24.1","","-18.7","","36.7","","0.0","","","","","","0.8","","27","","","","",""
"-108.52","54.13","MEADOW LAKE","406N0NM","2026-01-20","2026","01","20","","-5.0","","-16.8","","-10.9","","28.9","","0.0","","","","","","1.0","","29","","34","","66",""
"-108.52","54.13","MEADOW LAKE","406N0NM","2026-01-21","2026","01","21","","-9.3","","-25.8","","-17.6","","35.6","","0.0","","","","","","0.0","","27","","33","","63",""
"-108.52","54.13","MEADOW LAKE","406N0NM","2026-01-22","2026","01","22","","-25.6","","-36.4","","-31.0","","49.0","","0.0","","","","","","0.0","","27","","","","",""
"-108.52","54.13","MEADOW LAKE","406N0NM","2026-01-23","2026","01","23","","-24.7","","-39.0","","-31.8","","49.8","","0.0","","","","","","0.0","","27","","","","",""
"-108.52","54.13","MEADOW LAKE","406N0NM","2026-01-24","2026","01","24","","-25.0","","-36.5","","-30.8","","48.8","","0.0","","","","","","0.0","","26","","","","",""
"-108.52","54.13","MEADOW LAKE","406N0NM","2026-01-25","2026","01","25","","-16.9","","-38.5","","-27.7","","45.7","","0.0","","","","","","0.0","","27","","23","","43",""
"-108.52","54.13","MEADOW LAKE","406N0NM","2026-01-26","2026","01","26","","-16.8","","-29.2","","-23.0","","41.0","","0.0","","","","","","0.0","","27","","","","",""
"-108.52","54.13","MEADOW LAKE","406N0NM","2026-01-27","2026","01","27","","-14.6","","-32.2","","-23.4","","41.4","","0.0","","","","","","0.0","","27","","","","",""
"-108.52","54.13","MEADOW LAKE","406N0NM","2026-01-28","2026","01","28","","-9.9","","-15.4","","-12.7","","30.7","","0.0","","","","","","0.1","","27","","","","",""
"-108.52","54.13","MEADOW LAKE","406N0NM","2026-01-29","2026","01","29","","-6.5","","-12.3","","-9.4","","27.4","","0.0","","","","","","1.0","","27","","","","",""
"-108.52","54.13","MEADOW LAKE","406N0NM","2026-01-30","2026","01","30","","-5.0","","-11.1","","-8.1","","26.1","","0.0","","","","","","0.0","","27","","","","",""
"-108.52","54.13","MEADOW LAKE","406N0NM","2026-01-31","2026","01","31","","-1.0","","-7.8","","-4.4","","22.4","","0.0","","","","","","6.6","","28","","31","","44",""
"-108.52","54.13","MEADOW LAKE","406N0NM","2026-02-01","2026","02","01","","-7.8","","-11.0","","-9.4","","27.4","","0.0","","","","","","0.0","","28","","","","",""
"-108.52","54.13","MEADOW LAKE","406N0NM","2026-02-02","2026","02","02","","-3.8","","-14.4","","-9.1","","27.1","","0.0","","","","","","0.1","","28","","","","",""
"-108.52","54.13","MEADOW LAKE","406N0NM","2026-02-03","2026","02","03","","-1.0","","-15.9","","-8.4","","26.4","","0.0","","","","","","0.0","","27","","","","",""
"-108.52","54.13","MEADOW LAKE","406N0NM","2026-02-04","2026","02","04","","6.4","","-3.9","","1.3","","16.7","","0.0","","","","","","0.0","","27","","25","","51",""
"-108.52","54.13","MEADOW LAKE","406N0NM","2026-02-05","2026","02","05","","7.9","","-7.7","","0.1","","17.9","","0.0","","","","","","0.0","","25","","30","","47",""
"-108.52","54.13","MEADOW LAKE","406N0NM","2026-02-06","2026","02","06","","2.2","","-8.8","","-3.3","","21.3","","0.0","","","","","","0.0","","19","","","","",""
"-108.52","54.13","MEADOW LAKE","406N0NM","2026-02-07","2026","02","07","","-0.5","","-1.3","","-0.9","","18.9","","0.0","","","","","","0.0","","18","","","","",""
"-108.52","54.13","MEADOW LAKE","406N0NM","2026-02-08","2026","02","08","","1.8","","-3.2","","-0.7","","18.7","","0.0","","","","","","4.8","","18","","30","","38",""
"-108.52","54.13","MEADOW LAKE","406N0NM","2026-02-09","2026","02","09","","-1.1","","-13.8","","-7.5","","25.5","","0.0","","","","","","0.0","","22","","","","",""
"-108.52","54.13","MEADOW LAKE","406N0NM","2026-02-10","2026","02","10","","-4.1","","-16.7","","-10.4","","28.4","","0.0","","","","","","0.0","","22","","","","",""
"-108.52","54.13","MEADOW LAKE","406N0NM","2026-02-11","2026","02","11","","2.2","","-17.9","","-7.9","","25.9","","0.0","","","","","","0.0","","21","","","","",""
"-108.52","54.13","MEADOW LAKE","406N0NM","2026-02-12","2026","02","12","","2.0","","-7.4","","-2.7","","20.7","","0.0","","","","","","0.0","","21","","","","",""
"-108.52","54.13","MEADOW LAKE","406N0NM","2026-02-13","2026","02","13","","3.6","","-12.2","","-4.3","","22.3","","0.0","","","","","","0.0","","21","","","","",""
"-108.52","54.13","MEADOW LAKE","406N0NM","2026-02-14","2026","02","14","","0.5","","-16.4","","-8.0","","26.0","","0.0","","","","","","0.0","","21","","","","",""
"-108.52","54.13","MEADOW LAKE","406N0NM","2026-02-15","2026","02","15","","-1.6","","-12.8","","-7.2","","25.2","","0.0","","","","","","0.0","","21","","3","","35",""
"-108.52","54.13","MEADOW LAKE","406N0NM","2026-02-16","2026","02","16","","-9.5","","-21.1","","-15.3","","33.3","","0.0","","","","","","0.0","","21","","5","","32",""
"-108.52","54.13","MEADOW LAKE","406N0NM","2026-02-17","2026","02","17","","-17.0","","-18.8","","-17.9","","35.9","","0.0","","","","","","6.7","","27","","5","","50",""
"-108.52","54.13","MEADOW LAKE","406N0NM","2026-02-18","2026","02","18","","-17.0","","-31.7","","-24.3","","42.3","","0.0","","","","","","1.2","","34","","","","",""
"-108.52","54.13","MEADOW LAKE","406N0NM","2026-02-19","2026","02","19","","-21.7","","-35.0","","-28.4","","46.4","","0.0","","","","","","0.0","","35","","","","",""
"-108.52","54.13","MEADOW LAKE","406N0NM","2026-02-20","2026","02","20","","-15.3","","-38.4","","-26.9","","44.9","","0.0","","","","","","0.0","","35","","","","",""
"-108.52","54.13","MEADOW LAKE","406N0NM","2026-02-21","2026","02","21","","-18.1","","-32.9","","-25.5","","43.5","","0.0","","","","","","0.0","","34","","","","",""
"-108.52","54.13","MEADOW LAKE","406N0NM","2026-02-22","2026","02","22","","-15.4","","-20.6","","-18.0","","36.0","","0.0","","","","","","0.0","","34","","12","","35",""
"-108.52","54.13","MEADOW LAKE","406N0NM","2026-02-23","2026","02","23","","-14.4","","-19.7","","-17.0","","35.0","","0.0","","","","","","2.9","","35","","","","",""
"-108.52","54.13","MEADOW LAKE","406N0NM","2026-02-24","2026","02","24","","-12.6","","-25.4","","-19.0","","37.0","","0.0","","","","","","0.0","","36","","","","",""
"-108.52","54.13","MEADOW LAKE","406N0NM","2026-02-25","2026","02","25","","-1.7","","-14.0","","-7.9","","25.9","","0.0","","","","","","2.1","","37","","30","","31",""
"-108.52","54.13","MEADOW LAKE","406N0NM","2026-02-26","2026","02","26","","3.9","","-10.8","","-3.5","","21.5","","0.0","","","","","","0.0","","35","","34","","72",""
"-108.52","54.13","MEADOW LAKE","406N0NM","2026-02-27","2026","02","27","","-10.8","","-28.4","","-19.6","","37.6","","0.0","","","","","","0.0","","31","","33","","45",""
"-108.52","54.13","MEADOW LAKE","406N0NM","2026-02-28","2026","02","28","","-16.6","","-36.7","","-26.7","","44.7","","0.0","","","","","","0.0","","31","","","","",""
"-108.52","54.13","MEADOW LAKE","406N0NM","2026-03-01","2026","03","01","","-3.9","","-26.5","","-15.2","","33.2","","0.0","","","","","","0.0","","30","","24","","45",""
"-108.52","54.13","MEADOW LAKE","406N0NM","2026-03-02","2026","03","02","","-7.9","","-23.6","","-15.8","","33.8","","0.0","","","","","","1.1","","32","","","","",""
"-108.52","54.13","MEADOW LAKE","406N0NM","2026-03-03","2026","03","03","","-13.3","","-19.6","","-16.4","","34.4","","0.0","","","","","","1.9","","34","","4","","34",""
"-108.52","54.13","MEADOW LAKE","406N0NM","2026-03-04","2026","03","04","","-15.2","","-22.6","","-18.9","","36.9","","0.0","","","","","","0.5","","43","","7","","31",""
"-108.52","54.13","MEADOW LAKE","406N0NM","2026-03-05","2026","03","05","","-6.6","","-17.5","","-12.1","","30.1","","0.0","","","","","","0.0","","35","","","","",""
"-108.52","54.13","MEADOW LAKE","406N0NM","2026-03-06","2026","03","06","","2.1","","-16.5","","-7.2","","25.2","","0.0","","","","","","0.0","","35","","22","","35",""
"-108.52","54.13","MEADOW LAKE","406N0NM","2026-03-07","2026","03","07","","6.2","","-12.2","","-3.0","","21.0","","0.0","","","","","","0.0","","35","","31","","70",""
"-108.52","54.13","MEADOW LAKE","406N0NM","2026-03-08","2026","03","08","","-0.2","","-17.2","","-8.7","","26.7","","0.0","","","","","","0.0","","28","","1","","48",""
"-108.52","54.13","MEADOW LAKE","406N0NM","2026-03-09","2026","03","09","","-6.4","","-23.9","","-15.1","","33.1","","0.0","","","","","","0.0","","28","","","","",""
"-108.52","54.13","MEADOW LAKE","406N0NM","2026-03-10","2026","03","10","","-9.2","","-24.5","","-16.8","","34.8","","0.0","","","","","","0.0","","28","","","","",""
"-108.52","54.13","MEADOW LAKE","406N0NM","2026-03-11","2026","03","11","","-2.3","","-24.3","","-13.3","","31.3","","0.0","","","","","","0.0","","28","","","","",""
"-108.52","54.13","MEADOW LAKE","406N0NM","2026-03-12","2026","03","12","","-9.6","","-17.9","","-13.7","","31.7","","0.0","","","","","","0.1","","28","","1","","32",""
"-108.52","54.13","MEADOW LAKE","406N0NM","2026-03-13","2026","03","13","","-12.1","","-26.1","","-19.1","","37.1","","0.0","","","","","","0.3","","30","","","","",""
"-108.52","54.13","MEADOW LAKE","406N0NM","2026-03-14","2026","03","14","","-13.7","","-28.8","","-21.3","","39.3","","0.0","","","","","","0.0","","29","","","","",""
"-108.52","54.13","MEADOW LAKE","406N0NM","2026-03-15","2026","03","15","","-8.5","","-32.0","","-20.2","","38.2","","0.0","","","","","","0.0","","28","","","","",""
"-108.52","54.13","MEADOW LAKE","406N0NM","2026-03-16","2026","03","16","","-3.9","","-27.9","","-15.9","","33.9","","0.0","","","","","","0.6","","29","","14","","44",""
"-108.52","54.13","MEADOW LAKE","406N0NM","2026-03-17","2026","03","17","","8.3","","-10.0","","-0.9","","18.9","","0.0","","","","","","2.0","","30","","30","","39",""
"-108.52","54.13","MEADOW LAKE","406N0NM","2026-03-18","2026","03","18","","2.9","","-3.2","","-0.1","","18.1","","0.0","","","","","","2.1","","25","","","","",""
"-108.52","54.13","MEADOW LAKE","406N0NM","2026-03-19","2026","03","19","","5.5","","-0.2","","2.7","","15.3","","0.0","","","","","","0.5","","24","","23","","38",""
"-108.52","54.13","MEADOW LAKE","406N0NM","2026-03-20","2026","03","20","","3.6","","-5.6","","-1.0","","19.0","","0.0","","","","","","2.4","","20","","3","","37",""
"-108.52","54.13","MEADOW LAKE","406N0NM","2026-03-21","2026","03","21","","-3.1","","-8.0","","-5.6","","23.6","","0.0","","","","","","0.3","","27","","","","",""
"-108.52","54.13","MEADOW LAKE","406N0NM","2026-03-22","2026","03","22","","1.0","","-12.0","","-5.5","","23.5","","0.0","","","","","","0.5","","27","","30","","64",""
"-108.52","54.13","MEADOW LAKE","406N0NM","2026-03-23","2026","03","23","","-4.7","","-10.3","","-7.5","","25.5","","0.0","","","","","","0.0","","25","","34","","44",""
"-108.52","54.13","MEADOW LAKE","406N0NM","2026-03-24","2026","03","24","","-7.1","","-13.3","","-10.2","","28.2","","0.0","","","","","","0.1","","27","","5","","34",""
"-108.52","54.13","MEADOW LAKE","406N0NM","2026-03-25","2026","03","25","","-11.9","","-17.9","","-14.9","","32.9","","0.0","","","","","","1.1","","28","","5","","34",""
"-108.52","54.13","MEADOW LAKE","406N0NM","2026-03-26","2026","03","26","","-11.0","","-23.6","","-17.3","","35.3","","0.0","","","","","","0.0","","29","","","","",""
"-108.52","54.13","MEADOW LAKE","406N0NM","2026-03-27","2026","03","27","","-3.9","","-24.9","","-14.4","","32.4","","0.0","","","","","","0.0","","29","","","","",""
"-108.52","54.13","MEADOW LAKE","406N0NM","2026-03-28","2026","03","28","","-4.9","","-18.8","","-11.8","","29.8","","0.0","","","","","","0.0","","29","","","","",""
"-108.52","54.13","MEADOW LAKE","406N0NM","2026-03-29","2026","03","29","","-5.0","","-16.7","","-10.9","","28.9","","0.0","","","","","","0.0","","29","","","","",""
"-108.52","54.13","MEADOW LAKE","406N0NM","2026-03-30","2026","03","30","","-3.2","","-16.3","","-9.8","","27.8","","0.0","","","","","","0.0","","29","","","","",""
"-108.52","54.13","MEADOW LAKE","406N0NM","2026-03-31","2026","03","31","","","M","","M","","M","","M","","M","","","","","","M","29","","","M","","M"
"-108.52","54.13","MEADOW LAKE","406N0NM","2026-04-01","2026","04","01","","2.7","","-9.8","","-3.6","","21.6","","0.0","","","","","","0.0","","28","","","","",""
"-108.52","54.13","MEADOW LAKE","406N0NM","2026-04-02","2026","04","02","","1.8","","-9.4","","-3.8","","21.8","","0.0","","","","","","0.0","","27","","","","",""
"-108.52","54.13","MEADOW LAKE","406N0NM","2026-04-03","2026","04","03","","3.4","","-2.1","","0.6","","17.4","","0.0","","","","","","0.5","","27","","","","",""
"-108.52","54.13","MEADOW LAKE","406N0NM","2026-04-04","2026","04","04","","5.7","","-9.5","","-1.9","","19.9","","0.0","","","","","","0.0","","24","","33","","53",""
"-108.52","54.13","MEADOW LAKE","406N0NM","2026-04-05","2026","04","05","","1.6","","-10.0","","-4.2","","22.2","","0.0","","","","","","0.0","","21","","35","","36",""
"-108.52","54.13","MEADOW LAKE","406N0NM","2026-04-06","2026","04","06","","2.6","","-14.4","","-5.9","","23.9","","0.0","","","","","","0.0","","21","","13","","35",""
"-108.52","54.13","MEADOW LAKE","406N0NM","2026-04-07","2026","04","07","","-2.4","","-4.5","","-3.5","","21.5","","0.0","","","","","","13.7","","28","","4","","40",""
"-108.52","54.13","MEADOW LAKE","406N0NM","2026-04-08","2026","04","08","","0.0","","-23.9","","-11.9","","29.9","","0.0","","","","","","0.0","","44","","","","",""
"-108.52","54.13","MEADOW LAKE","406N0NM","2026-04-09","2026","04","09","","3.5","","-5.4","","-0.9","","18.9","","0.0","","","","","","0.0","","41","","","","",""
"-108.52","54.13","MEADOW LAKE","406N0NM","2026-04-10","2026","04","10","","9.6","","-9.0","","0.3","","17.7","","0.0","","","","","","0.0","","36","","","","",""
"-108.52","54.13","MEADOW LAKE","406N0NM","2026-04-11","2026","04","11","","6.7","","-5.5","","0.6","","17.4","","0.0","","","","","","0.0","","30","","","","",""
"-108.52","54.13","MEADOW LAKE","406N0NM","2026-04-12","2026","04","12","","3.6","","-0.9","","1.4","","16.6","","0.0","","","","","","0.0","","29","","","","",""
"-108.52","54.13","MEADOW LAKE","406N0NM","2026-04-13","2026","04","13","","6.1","","-1.7","","2.2","","15.8","","0.0","","","","","","0.0","","27","","","","",""
"-108.52","54.13","MEADOW LAKE","406N0NM","2026-04-14","2026","04","14","","7.9","","-0.6","","3.6","","14.4","","0.0","","","","","","0.2","","25","","4","","35",""
"-108.52","54.13","MEADOW LAKE","406N0NM","2026-04-15","2026","04","15","","0.7","","-10.1","","-4.7","","22.7","","0.0","","","","","","1.4","","23","","3","","47",""
"-108.52","54.13","MEADOW LAKE","406N0NM","2026-04-16","2026","04","16","","-2.6","","-14.3","","-8.4","","26.4","","0.0","","","","","","0.0","","23","","","","",""
"-108.52","54.13","MEADOW LAKE","406N0NM","2026-04-17","2026","04","17","","3.1","","-14.8","","-5.8","","23.8","","0.0","","","","","","0.0","","23","","26","","32",""
"-108.52","54.13","MEADOW LAKE","406N0NM","2026-04-18","2026","04","18","","4.3","","-7.0","","-1.3","","19.3","","0.0","","","","","","0.0","","22","","","","",""
"-108.52","54.13","MEADOW LAKE","406N0NM","2026-04-19","2026","04","19","","10.6","","-7.8","","1.4","","16.6","","0.0","","","","","","0.0","","22","","20","","44",""
"-108.52","54.13","MEADOW LAKE","406N0NM","2026-04-20","2026","04","20","","12.5","","0.6","","6.6","","11.4","","0.0","","","","","","0.0","","15","","","","",""
"-108.52","54.13","MEADOW LAKE","406N0NM","2026-04-21","2026","04","21","","15.3","","-1.7","","6.8","","11.2","","0.0","","","","","","0.0","","11","","","","",""
"-108.52","54.13","MEADOW LAKE","406N0NM","2026-04-22","2026","04","22","","4.3","","-0.1","","2.1","","15.9","","0.0","","","","","","13.1","","9","","6","","35",""
"-108.52","54.13","MEADOW LAKE","406N0NM","2026-04-23","2026","04","23","","-0.1","","-5.8","","-2.9","","20.9","","0.0","","","","","","7.8","","9","","33","","42",""
"-108.52","54.13","MEADOW LAKE","406N0NM","2026-04-24","2026","04","24","","-5.3","","-7.0","","-6.2","","24.2","","0.0","","","","","","3.2","","21","","35","","59",""
"-108.52","54.13","MEADOW LAKE","406N0NM","2026-04-25","2026","04","25","","-2.7","","-6.8","","-4.8","","22.8","","0.0","","","","","","0.8","","25","","36","","45",""
"-108.52","54.13","MEADOW LAKE","406N0NM","2026-04-26","2026","04","26","","-1.1","","-5.2","","-3.1","","21.1","","0.0","","","","","","1.0","","26","","","","",""
"-108.52","54.13","MEADOW LAKE","406N0NM","2026-04-27","2026","04","27","","2.8","","-7.1","","-2.2","","20.2","","0.0","","","","","","0.0","","23","","","","",""
"-108.52","54.13","MEADOW LAKE","406N0NM","2026-04-28","2026","04","28","","5.8","","-6.3","","-0.2","","18.2","","0.0","","","","","","0.0","","20","","","","",""
"-108.52","54.13","MEADOW LAKE","406N0NM","2026-04-29","2026","04","29","","10.6","","-4.1","","3.3","","14.7","","0.0","","","","","","0.0","","17","","","","",""
"-108.52","54.13","MEADOW LAKE","406N0NM","2026-04-30","2026","04","30","","15.8","","-2.0","","6.9","","11.1","","0.0","","","","","","0.0","","13","","24","","31",""
"-108.52","54.13","MEADOW LAKE","406N0NM","2026-05-01","2026","05","01","","18.1","","-0.5","","8.8","","9.2","","0.0","","","","","","0.0","","6","","35","","31",""
"-108.52","54.13","MEADOW LAKE","406N0NM","2026-05-02","2026","05","02","","18.5","","-0.4","","9.1","","8.9","","0.0","","","","","","0.0","","5","","29","","32",""
"-108.52","54.13","MEADOW LAKE","406N0NM","2026-05-03","2026","05","03","","14.7","","2.8","","8.7","","9.3","","0.0","","","","","","0.0","","4","","30","","74",""
"-108.52","54.13","MEADOW LAKE","406N0NM","2026-05-04","2026","05","04","","3.2","","-0.9","","1.2","","16.8","","0.0","","","","","","0.2","","3","","36","","52",""
"-108.52","54.13","MEADOW LAKE","406N0NM","2026-05-05","2026","05","05","","7.6","","-3.6","","2.0","","16.0","","0.0","","","","","","0.0","","3","","2","","32",""
"-108.52","54.13","MEADOW LAKE","406N0NM","2026-05-06","2026","05","06","","13.2","","-4.5","","4.3","","13.7","","0.0","","","","","","0.0","","2","","","","",""
"-108.52","54.13","MEADOW LAKE","406N0NM","2026-05-07","2026","05","07","","18.1","","2.0","","10.0","","8.0","","0.0","","","","","","0.0","","2","","34","","32",""
"-108.52","54.13","MEADOW LAKE","406N0NM","2026-05-08","2026","05","08","","14.0","","-0.7","","6.7","","11.3","","0.0","","","","","","0.0","","2","","1","","45",""
"-108.52","54.13","MEADOW LAKE","406N0NM","2026-05-09","2026","05","09","","13.9","","-4.6","","4.6","","13.4","","0.0","","","","","","0.0","","1","","","","",""
"-108.52","54.13","MEADOW LAKE","406N0NM","2026-05-10","2026","05","10","","21.9","","0.3","","11.1","","6.9","","0.0","","","","","","0.0","","2","","15","","41",""
"-108.52","54.13","MEADOW LAKE","406N0NM","2026-05-11","2026","05","11","","22.2","","3.4","","12.8","","5.2","","0.0","","","","","","0.0","","1","","32","","46",""
"-108.52","54.13","MEADOW LAKE","406N0NM","2026-05-12","2026","05","12","","23.8","","3.7","","13.7","","4.3","","0.0","","","","","","0.0","","1","","28","","53",""
"-108.52","54.13","MEADOW LAKE","406N0NM","2026-05-13","2026","05","13","","27.6","","2.6","","15.1","","2.9","","0.0","","","","","","0.0","","1","","18","","70",""
"-108.52","54.13","MEADOW LAKE","406N0NM","2026-05-14","2026","05","14","","17.8","","2.8","","10.3","","7.7","","0.0","","","","","","25.7","","1","","34","","49",""
"-108.52","54.13","MEADOW LAKE","406N0NM","2026-05-15","2026","05","15","","2.8","","0.1","","1.4","","16.6","","0.0","","","","","","7.7","","","","33","","36",""
"-108.52","54.13","MEADOW LAKE","406N0NM","2026-05-16","2026","05","16","","6.1","","0.3","","3.2","","14.8","","0.0","","","","","","0.0","","","","","","",""
"-108.52","54.13","MEADOW LAKE","406N0NM","2026-05-17","2026","05","17","","13.0","","-0.2","","6.4","","11.6","","0.0","","","","","","0.0","","","","","","",""
"-108.52","54.13","MEADOW LAKE","406N0NM","2026-05-18","2026","05","18","","14.3","","3.1","","8.7","","9.3","","0.0","","","","","","0.0","","","","","","",""
"-108.52","54.13","MEADOW LAKE","406N0NM","2026-05-19","2026","05","19","","18.8","","6.1","","12.5","","5.5","","0.0","","","","","","0.3","","","","8","","42",""
"-108.52","54.13","MEADOW LAKE","406N0NM","2026-05-20","2026","05","20","","19.5","","6.3","","12.9","","5.1","","0.0","","","","","","0.0","","","","22","","38",""
"-108.52","54.13","MEADOW LAKE","406N0NM","2026-05-21","2026","05","21","","21.1","","3.4","","12.3","","5.7","","0.0","","","","","","0.5","","","","21","","43",""
"-108.52","54.13","MEADOW LAKE","406N0NM","2026-05-22","2026","05","22","","21.4","","4.6","","13.0","","5.0","","0.0","","","","","","0.0","","","","25","","44",""
"-108.52","54.13","MEADOW LAKE","406N0NM","2026-05-23","2026","05","23","","25.9","","10.9","","18.4","","0.0","","0.4","","","","","","0.6","","","","18","","46",""
"-108.52","54.13","MEADOW LAKE","406N0NM","2026-05-24","2026","05","24","","19.4","","5.0","","12.2","","5.8","","0.0","","","","","","0.0","","","","30","","40",""
"-108.52","54.13","MEADOW LAKE","406N0NM","2026-05-25","2026","05","25","","24.4","","2.7","","13.6","","4.4","","0.0","","","","","","0.0","","","","10","","33",""
"-108.52","54.13","MEADOW LAKE","406N0NM","2026-05-26","2026","05","26","","28.6","","8.3","","18.4","","0.0","","0.4","","","","","","0.0","","","","10","","45",""
"-108.52","54.13","MEADOW LAKE","406N0NM","2026-05-27","2026","05","27","","30.1","","15.6","","22.8","","0.0","","4.8","","","","","","0.0","","","","14","","43",""
"-108.52","54.13","MEADOW LAKE","406N0NM","2026-05-28","2026","05","28","","31.9","","17.0","","24.4","","0.0","","6.4","","","","","","0.2","","","","12","","54",""
"-108.52","54.13","MEADOW LAKE","406N0NM","2026-05-29","2026","05","29","","31.5","","14.5","","23.0","","0.0","","5.0","","","","","","11.8","","","","15","","67",""
"-108.52","54.13","MEADOW LAKE","406N0NM","2026-05-30","2026","05","30","","24.2","","13.4","","18.8","","0.0","","0.8","","","","","","0.0","","","","33","","38",""
"-108.52","54.13","MEADOW LAKE","406N0NM","2026-05-31","2026","05","31","","24.4","","15.8","","20.1","","0.0","","2.1","","","","","","1.3","","","","13","","40",""
"-108.52","54.13","MEADOW LAKE","406N0NM","2026-06-01","2026","06","01","","20.8","","13.4","","17.1","","0.9","","0.0","","","","","","0.0","","","","36","","43",""
"-108.52","54.13","MEADOW LAKE","406N0NM","2026-06-02","2026","06","02","","20.2","","11.3","","15.7","","2.3","","0.0","","","","","","1.8","","","","4","","46",""
"-108.52","54.13","MEADOW LAKE","406N0NM","2026-06-03","2026","06","03","","15.3","","8.8","","12.1","","5.9","","0.0","","","","","","0.0","","","","","","",""
"-108.52","54.13","MEADOW LAKE","406N0NM","2026-06-04","2026","06","04","","19.9","","8.0","","14.0","","4.0","","0.0","","","","","","0.0","","","","","","",""
"-108.52","54.13","MEADOW LAKE","406N0NM","2026-06-05","2026","06","05","","22.3","","8.1","","15.2","","2.8","","0.0","","","","","","17.9","","","","15","","58",""
"-108.52","54.13","MEADOW LAKE","406N0NM","2026-06-06","2026","06","06","","21.7","","9.6","","15.7","","2.3","","0.0","","","","","","0.0","","","","23","","53",""
"-108.52","54.13","MEADOW LAKE","406N0NM","2026-06-07","2026","06","07","","20.5","","6.2","","13.3","","4.7","","0.0","","","","","","2.3","","","","24","","47",""
"-108.52","54.13","MEADOW LAKE","406N0NM","2026-06-08","2026","06","08","","18.7","","7.5","","13.1","","4.9","","0.0","","","","","","1.0","","","","26","","59",""
"-108.52","54.13","MEADOW LAKE","406N0NM","2026-06-09","2026","06","09","","24.0","","6.9","","15.5","","2.5","","0.0","","","","","","0.0","","","","","","",""
"-108.52","54.13","MEADOW LAKE","406N0NM","2026-06-10","2026","06","10","","20.0","","12.2","","16.1","","1.9","","0.0","","","","","","8.0","","","","35","","90",""
"-108.52","54.13","MEADOW LAKE","406N0NM","2026-06-11","2026","06","11","","12.9","","8.2","","10.6","","7.4","","0.0","","","","","","0.4","","","","30","","38",""
"-108.52","54.13","MEADOW LAKE","406N0NM","2026-06-12","2026","06","12","","16.8","","8.2","","12.5","","5.5","","0.0","","","","","","0.0","","","","32","","46",""
"-108.52","54.13","MEADOW LAKE","406N0NM","2026-06-13","2026","06","13","","21.6","","3.1","","12.3","","5.7","","0.0","","","","","","0.0","","","","34","","34",""
"-108.52","54.13","MEADOW LAKE","406N0NM","2026-06-14","2026","06","14","","24.7","","4.6","","14.7","","3.3","","0.0","","","","","","1.0","","","","36","","51",""
"-108.52","54.13","MEADOW LAKE","406N0NM","2026-06-15","2026","06","15","","23.6","","6.8","","15.2","","2.8","","0.0","","","","","","0.0","","","","34","","31",""
"-108.52","54.13","MEADOW LAKE","406N0NM","2026-06-16","2026","06","16","","19.3","","10.6","","15.0","","3.0","","0.0","","","","","","6.1","","","","","","",""
"-108.52","54.13","MEADOW LAKE","406N0NM","2026-06-17","2026","06","17","","18.8","","6.8","","12.8","","5.2","","0.0","","","","","","0.0","","","","1","","36",""
"-108.52","54.13","MEADOW LAKE","406N0NM","2026-06-18","2026","06","18","","17.9","","4.9","","11.4","","6.6","","0.0","","","","","","0.2","","","","31","","38",""
"-108.52","54.13","MEADOW LAKE","406N0NM","2026-06-19","2026","06","19","","19.2","","5.2","","12.2","","5.8","","0.0","","","","","","2.0","","","","33","","50",""
"-108.52","54.13","MEADOW LAKE","406N0NM","2026-06-20","2026","06","20","","17.8","","7.3","","12.6","","5.4","","0.0","","","","","","0.1","","","","","","",""
"-108.52","54.13","MEADOW LAKE","406N0NM","2026-06-21","2026","06","21","","17.0","","12.4","","14.7","","3.3","","0.0","","","","","","0.0","","","","8","","39",""
"-108.52","54.13","MEADOW LAKE","406N0NM","2026-06-22","2026","06","22","","17.3","","10.8","","14.0","","4.0","","0.0","","","","","","9.1","","","","","","",""
"-108.52","54.13","MEADOW LAKE","406N0NM","2026-06-23","2026","06","23","","21.8","","5.1","","13.5","","4.5","","0.0","","","","","","0.0","","","","","","",""
"-108.52","54.13","MEADOW LAKE","406N0NM","2026-06-24","2026","06","24","","24.5","","6.7","","15.6","","2.4","","0.0","","","","","","0.0","","","","35","","32",""
"-108.52","54.13","MEADOW LAKE","406N0NM","2026-06-25","2026","06","25","","23.4","","7.6","","15.5","","2.5","","0.0","","","","","","3.4","","","","14","","110",""
"-108.52","54.13","MEADOW LAKE","406N0NM","2026-06-26","2026","06","26","","25.4","","10.6","","18.0","","0.0","","0.0","","","","","","0.0","","","","12","","42",""
"-108.52","54.13","MEADOW LAKE","406N0NM","2026-06-27","2026","06","27","","22.2","","14.6","","18.4","","0.0","","0.4","","","","","","0.0","","","","10","","45",""
"-108.52","54.13","MEADOW LAKE","406N0NM","2026-06-28","2026","06","28","","23.2","","15.5","","19.4","","0.0","","1.4","","","","","","1.1","","","","3","","49",""
"-108.52","54.13","MEADOW LAKE","406N0NM","2026-06-29","2026","06","29","","23.5","","11.1","","17.3","","0.7","","0.0","","","","","","1.2","","","","5","","42",""
"-108.52","54.13","MEADOW LAKE","406N0NM","2026-06-30","2026","06","30","","21.9","","14.1","","18.0","","0.0","","0.0","","","","","","3.7","","","","3","","34",""
"-108.52","54.13","MEADOW LAKE","406N0NM","2026-07-01","2026","07","01","","21.3","","13.5","","17.4","","0.6","","0.0","","","","","","0.0","","","","","","",""
"-108.52","54.13","MEADOW LAKE","406N0NM","2026-07-02","2026","07","02","","21.4","","13.2","","17.3","","0.7","","0.0","","","","","","1.4","","","","11","","37",""
"-108.52","54.13","MEADOW LAKE","406N0NM","2026-07-03","2026","07","03","","23.2","","8.6","","15.9","","2.1","","0.0","","","","","","59.2","","","","35","","101",""
"-108.52","54.13","MEADOW LAKE","406N0NM","2026-07-04","2026","07","04","","23.3","","5.9","","14.6","","3.4","","0.0","","","","","","5.4","","","","29","","53",""
"-108.52","54.13","MEADOW LAKE","406N0NM","2026-07-05","2026","07","05","","22.3","","9.6","","16.0","","2.0","","0.0","","","","","","0.0","","","","27","","40",""
"-108.52","54.13","MEADOW LAKE","406N0NM","2026-07-06","2026","07","06","","22.3","","7.1","","14.7","","3.3","","0.0","","","","","","0.0","","","","","","",""
"-108.52","54.13","MEADOW LAKE","406N0NM","2026-07-07","2026","07","07","","25.2","","8.2","","16.7","","1.3","","0.0","","","","","","0.0","","","","","","",""
"-108.52","54.13","MEADOW LAKE","406N0NM","2026-07-08","2026","07","08","","25.3","","11.5","","18.4","","0.0","","0.4","","","","","","9.6","","","","3","","90",""
"-108.52","54.13","MEADOW LAKE","406N0NM","2026-07-09","2026","07","09","","21.8","","9.5","","15.7","","2.3","","0.0","","","","","","0.0","","","","","","",""
"-108.52","54.13","MEADOW LAKE","406N0NM","2026-07-10","2026","07","10","","22.3","","11.3","","16.8","","1.2","","0.0","","","","","","16.8","","","","25","","35",""
"-108.52","54.13","MEADOW LAKE","406N0NM","2026-07-11","2026","07","11","","27.3","","9.8","","18.5","","0.0","","0.5","","","","","","2.3","","","","12","","39",""
"-108.52","54.13","MEADOW LAKE","406N0NM","2026-07-12","2026","07","12","","24.3","","12.6","","18.5","","0.0","","0.5","","","","","","0.0","","","","","","",""
"-108.52","54.13","MEADOW LAKE","406N0NM","2026-07-13","2026","07","13","","23.7","","9.0","","16.3","","1.7","","0.0","","","","","","0.0","","","","24","","41",""
"-108.52","54.13","MEADOW LAKE","406N0NM","2026-07-14","2026","07","14","","26.2","","8.8","","17.5","","0.5","","0.0","","","","","","0.0","","","","","","",""
"-108.52","54.13","MEADOW LAKE","406N0NM","2026-07-15","2026","07","15","","28.2","","10.8","","19.5","","0.0","","1.5","","","","","","3.8","","","","20","","44",""
"-108.52","54.13","MEADOW LAKE","406N0NM","2026-07-16","2026","07","16","","27.3","","14.7","","21.0","","0.0","","3.0","","","","","","0.5","","","","21","","31",""
"-108.52","54.13","MEADOW LAKE","406N0NM","2026-07-17","2026","07","17","","30.6","","15.6","","23.1","","0.0","","5.1","","","","","","0.0","","","","","","",""
"-108.52","54.13","MEADOW LAKE","406N0NM","2026-07-18","2026","07","18","","29.4","","12.4","","20.9","","0.0","","2.9","","","","","","45.1","","","","32","","107",""
"-108.52","54.13","MEADOW LAKE","406N0NM","2026-07-19","2026","07","19","","","M","","M","","M","","M","","M","","","","","","M","","","","M","","M"
"-108.52","54.13","MEADOW LAKE","406N0NM","2026-07-20","2026","07","20","","22.9","","15.1","","19.0","","0.0","","1.0","","","","","","0.0","","","","","","",""
"-108.52","54.13","MEADOW LAKE","406N0NM","2026-07-21","2026","07","21","","24.2","","12.3","","18.2","","0.0","","0.2","","","","","","0.0","","","","","","",""
"-108.52","54.13","MEADOW LAKE","406N0NM","2026-07-22","2026","07","22","","","M","","M","","M","","M","","M","","","","","","M","","","","M","","M"
"-108.52","54.13","MEADOW LAKE","406N0NM","2026-07-23","2026","07","23","","","M","","M","","M","","M","","M","","","","","","M","","","","M","","M"
"-108.52","54.13","MEADOW LAKE","406N0NM","2026-07-24","2026","07","24","","28.3","","11.2","","19.7","","0.0","","1.7","","","","","","0.0","","","","","","",""
"-108.52","54.13","MEADOW LAKE","406N0NM","2026-07-25","2026","07","25","","27.0","","15.7","","21.3","","0.0","","3.3","","","","","","0.0","","","","","","",""
"-108.52","54.13","MEADOW LAKE","406N0NM","2026-07-26","2026","07","26","","26.0","","16.2","","21.1","","0.0","","3.1","","","","","","0.4","","","","26","","56",""
"-108.52","54.13","MEADOW LAKE","406N0NM","2026-07-27","2026","07","27","","27.4","","11.4","","19.4","","0.0","","1.4","","","","","","7.5","","","","30","","51",""
"-108.52","54.13","MEADOW LAKE","406N0NM","2026-07-28","2026","07","28","","25.0","","11.5","","18.2","","0.0","","0.2","","","","","","0.0","","","","","","",""
"-108.52","54.13","MEADOW LAKE","406N0NM","2026-07-29","2026","07","29","","23.3","","11.6","","17.4","","0.6","","0.0","","","","","","0.1","","","","30","","54",""
"-108.52","54.13","MEADOW LAKE","406N0NM","2026-07-30","2026","07","30","","24.7","","9.5","","17.1","","0.9","","0.0","","","","","","0.0","","","","","","",""
"-108.52","54.13","MEADOW LAKE","406N0NM","2026-07-31","2026","07","31","","26.2","","12.2","","19.2","","0.0","","1.2","","","","","","0.0","","","","","","",""
"-108.52","54.13","MEADOW LAKE","406N0NM","2026-08-01","2026","08","01","","28.2","","12.2","","20.2","","0.0","","2.2","","","","","","1.3","","","","10","","44",""
"-108.52","54.13","MEADOW LAKE","406N0NM","2026-08-02","2026","08","02","","22.4","","12.4","","17.4","","0.6","","0.0","","","","","","4.7","","","","25","","63",""
"-108.52","54.13","MEADOW LAKE","406N0NM","2026-08-03","2026","08","03","","17.0","","8.6","","12.8","","5.2","","0.0","","","","","","0.0","","","","31","","41",""
"-108.52","54.13","MEADOW LAKE","406N0NM","2026-08-04","2026","08","04","","21.5","","5.3","","13.4","","4.6","","0.0","","","","","","3.5","","","","20","","58",""
"-108.52","54.13","MEADOW LAKE","406N0NM","2026-08-05","2026","08","05","","21.0","","12.2","","16.6","","1.4","","0.0","","","","","","0.5","","","","27","","44",""
"-108.52","54.13","MEADOW LAKE","406N0NM","2026-08-06","2026","08","06","","16.5","","10.0","","13.2","","4.8","","0.0","","","","","","2.3","","","","32","","55",""
"-108.52","54.13","MEADOW LAKE","406N0NM","2026-08-07","2026","08","07","","19.2","","8.3","","13.8","","4.2","","0.0","","","","","","0.0","","","","27","","32",""
"-108.52","54.13","MEADOW LAKE","406N0NM","2026-08-08","2026","08","08","","21.2","","6.0","","13.6","","4.4","","0.0","","","","","","0.0","","","","","","",""
"-108.52","54.13","MEADOW LAKE","406N0NM","2026-08-09","2026","08","09","","21.2","","5.8","","13.5","","4.5","","0.0","","","","","","0.0","","","","","","",""
"-108.52","54.13","MEADOW LAKE","406N0NM","2026-08-10","2026","08","10","","22.0","","13.2","","17.6","","0.4","","0.0","","","","","","1.5","","","","","","",""
"-108.52","54.13","MEADOW LAKE","406N0NM","2026-08-11","2026","08","11","","21.9","","12.7","","17.3","","0.7","","0.0","","","","","","1.7","","","","35","","62",""
"-108.52","54.13","MEADOW LAKE","406N0NM","2026-08-12","2026","08","12","","19.3","","6.9","","13.1","","4.9","","0.0","","","","","","3.5","","","","28","","42",""
"-108.52","54.13","MEADOW LAKE","406N0NM","2026-08-13","2026","08","13","","19.3","","8.8","","14.1","","3.9","","0.0","","","","","","0.0","","","","","","",""
"-108.52","54.13","MEADOW LAKE","406N0NM","2026-08-14","2026","08","14","","17.3","","7.6","","12.5","","5.5","","0.0","","","","","","8.6","","","","","","",""
"-108.52","54.13","MEADOW LAKE","406N0NM","2026-08-15","2026","08","15","","22.0","","5.7","","13.8","","4.2","","0.0","","","","","","0.0","","","","","","",""
"-108.52","54.13","MEADOW LAKE","406N0NM","2026-08-16","2026","08","16","","24.4","","7.8","","16.1","","1.9","","0.0","","","","","","0.0","","","","33","","44",""
"-108.52","54.13","MEADOW LAKE","406N0NM","2026-08-17","2026","08","17","","20.8","","5.3","","13.0","","5.0","","0.0","","","","","","0.0","","","","27","","33",""
"-108.52","54.13","MEADOW LAKE","406N0NM","2026-08-18","2026","08","18","","25.8","","3.8","","14.8","","3.2","","0.0","","","","","","0.5","","","","18","","36",""
"-108.52","54.13","MEADOW LAKE","406N0NM","2026-08-19","2026","08","19","","24.1","","9.9","","17.0","","1.0","","0.0","","","","","","0.0","","","","10","","32",""
"-108.52","54.13","MEADOW LAKE","406N0NM","2026-08-20","2026","08","20","","24.0","","8.7","","16.4","","1.6","","0.0","","","","","","0.0","","","","31","","34",""
"-108.52","54.13","MEADOW LAKE","406N0NM","2026-08-21","2026","08","21","","23.1","","4.5","","13.8","","4.2","","0.0","","","","","","0.0","","","","","","",""
"-108.52","54.13","MEADOW LAKE","406N0NM","2026-08-22","2026","08","22","","27.4","","9.1","","18.2","","0.0","","0.2","","","","","","0.0","","","","18","","33",""
"-108.52","54.13","MEADOW LAKE","406N0NM","2026-08-23","2026","08","23","","27.6","","11.9","","19.7","","0.0","","1.7","","","","","","0.0","","","","","","",""
"-108.52","54.13","MEADOW LAKE","406N0NM","2026-08-24","2026","08","24","","18.8","","11.9","","15.4","","2.6","","0.0","","","","","","4.7","","","","28","","60",""
"-108.52","54.13","MEADOW LAKE","406N0NM","2026-08-25","2026","08","25","","","M","","M","","M","","M","","M","","","","","","M","","","","M","","M"
"-108.52","54.13","MEADOW LAKE","406N0NM","2026-08-26","2026","08","26","","","M","","M","","M","","M","","M","","","","","","M","","","","M","","M"
"-108.52","54.13","MEADOW LAKE","406N0NM","2026-08-27","2026","08","27","","28.5","","11.4","","19.9","","0.0","","1.9","","","","","","0.0","","","","13","","49",""
"-108.52","54.13","MEADOW LAKE","406N0NM","2026-08-28","2026","08","28","","23.7","","9.7","","16.7","","1.3","","0.0","","","","","","0.1","","","","23","","37",""
"-108.52","54.13","MEADOW LAKE","406N0NM","2026-08-29","2026","08","29","","24.0","","5.3","","14.6","","3.4","","0.0","","","","","","0.0","","","","","","",""
"-108.52","54.13","MEADOW LAKE","406N0NM","2026-08-30","2026","08","30","","19.2","","13.0","","16.1","","1.9","","0.0","","","","","","16.9","","","","12","","31",""
"-108.52","54.13","MEADOW LAKE","406N0NM","2026-08-31","2026","08","31","","19.3","","9.5","","14.4","","3.6","","0.0","","","","","","5.7","","","","29","","35",""
"-108.52","54.13","MEADOW LAKE","406N0NM","2026-09-01","2026","09","01","","23.6","","6.5","","15.1","","2.9","","0.0","","","","","","0.0","","","","","","",""
"-108.52","54.13","MEADOW LAKE","406N0NM","2026-09-02","2026","09","02","","24.2","","9.3","","16.7","","1.3","","0.0","","","","","","0.0","","","","13","","41",""
"-108.52","54.13","MEADOW LAKE","406N0NM","2026-09-03","2026","09","03","","22.9","","15.2","","19.1","","0.0","","1.1","","","","","","0.2","","","","11","","41",""
"-108.52","54.13","MEADOW LAKE","406N0NM","2026-09-04","2026","09","04","","21.6","","7.4","","14.5","","3.5","","0.0","","","","","","0.0","","","","","","",""
"-108.52","54.13","MEADOW LAKE","406N0NM","2026-09-05","2026","09","05","","16.8","","11.0","","13.9","","4.1","","0.0","","","","","","0.0","","","","","","",""
"-108.52","54.13","MEADOW LAKE","406N0NM","2026-09-06","2026","09","06","","15.9","","12.1","","14.0","","4.0","","0.0","","","","","","1.7","","","","8","","31",""
"-108.52","54.13","MEADOW LAKE","406N0NM","2026-09-07","2026","09","07","","13.6","","11.6","","12.6","","5.4","","0.0","","","","","","3.2","","","","36","","33",""
"-108.52","54.13","MEADOW LAKE","406N0NM","2026-09-08","2026","09","08","","19.8","","6.3","","13.0","","5.0","","0.0","","","","","","0.2","","","","31","","36",""
"-108.52","54.13","MEADOW LAKE","406N0NM","2026-09-09","2026","09","09","","22.7","","4.9","","13.8","","4.2","","0.0","","","","","","0.0","","","","22","","44",""
"-108.52","54.13","MEADOW LAKE","406N0NM","2026-09-10","2026","09","10","","19.5","","9.3","","14.4","","3.6","","0.0","","","","","","0.4","","","","25","","44",""
"-108.52","54.13","MEADOW LAKE","406N0NM","2026-09-11","2026","09","11","","11.7","","4.6","","8.1","","9.9","","0.0","","","","","","1.4","","","","31","","49",""
"-108.52","54.13","MEADOW LAKE","406N0NM","2026-09-12","2026","09","12","","12.0","","0.6","","6.3","","11.7","","0.0","","","","","","0.4","","","","27","","32",""
"-108.52","54.13","MEADOW LAKE","406N0NM","2026-09-13","2026","09","13","","17.2","","0.2","","8.7","","9.3","","0.0","","","","","","0.0","","","","22","","38",""
"-108.52","54.13","MEADOW LAKE","406N0NM","2026-09-14","2026","09","14","","17.4","","3.9","","10.6","","7.4","","0.0","","","","","","0.2","","","","34","","41",""
"-108.52","54.13","MEADOW LAKE","406N0NM","2026-09-15","2026","09","15","","12.4","","2.2","","7.3","","10.7","","0.0","","","","","","0.3","","","","28","","34",""
"-108.52","54.13","MEADOW LAKE","406N0NM","2026-09-16","2026","09","16","","15.6","","0.5","","8.0","","10.0","","0.0","","","","","","0.0","","","","25","","31",""
"-108.52","54.13","MEADOW LAKE","406N0NM","2026-09-17","2026","09","17","","22.9","","2.4","","12.6","","5.4","","0.0","","","","","","0.0","","","","21","","45",""
"-108.52","54.13","MEADOW LAKE","406N0NM","2026-09-18","2026","09","18","","","","","","","","","","","","","","","","","","","","","","",""
"-108.52","54.13","MEADOW LAKE","406N0NM","2026-09-19","2026","09","19","","","","","","","","","","","","","","","","","","","","","","",""
"-108.52","54.13","MEADOW LAKE","406N0NM","2026-09-20","2026","09","20","","","","","","","","","","","","","","","","","","","","","","",""
"-108.52","54.13","MEADOW LAKE","406N0NM","2026-09-21","2026","09","21","","","","","","","","","","","","","","","","","","","","","","",""
"-108.52","54.13","MEADOW LAKE","406N0NM","2026-09-22","2026","09","22","","","","","","","","","","","","","","","","","","","","","","",""
"-108.52","54.13","MEADOW LAKE","406N0NM","2026-09-23","2026","09","23","","","","","","","","","","","","","","","","","","","","","","",""
"-108.52","54.13","MEADOW LAKE","406N0NM","2026-09-24","2026","09","24","","","","","","","","","","","","","","","","","","","","","","",""
"-108.52","54.13","MEADOW LAKE","406N0NM","2026-09-25","2026","09","25","","","","","","","","","","","","","","","","","","","","","","",""
"-108.52","54.13","MEADOW LAKE","406N0NM","2026-09-26","2026","09","26","","","","","","","","","","","","","","","","","","","","","","",""
"-108.52","54.13","MEADOW LAKE","406N0NM","2026-09-27","2026","09","27","","","","","","","","","","","","","","","","","","","","","","",""
"-108.52","54.13","MEADOW LAKE","406N0NM","2026-09-28","2026","09","28","","","","","","","","","","","","","","","","","","","","","","",""
"-108.52","54.13","MEADOW LAKE","406N0NM","2026-09-29","2026","09","29","","","","","","","","","","","","","","","","","","","","","","",""
"-108.52","54.13","MEADOW LAKE","406N0NM","2026-09-30","2026","09","30","","","","","","","","","","","","","","","","","","","","","","",""
"-108.52","54.13","MEADOW LAKE","406N0NM","2026-10-01","2026","10","01","","","","","","","","","","","","","","","","","","","","","","",""
"-108.52","54.13","MEADOW LAKE","406N0NM","2026-10-02","2026","10","02","","","","","","","","","","","","","","","","","","","","","","",""
"-108.52","54.13","MEADOW LAKE","406N0NM","2026-10-03","2026","10","03","","","","","","","","","","","","","","","","","","","","","","",""
"-108.52","54.13","MEADOW LAKE","406N0NM","2026-10-04","2026","10","04","","","","","","","","","","","","","","","","","","","","","","",""
"-108.52","54.13","MEADOW LAKE","406N0NM","2026-10-05","2026","10","05","","","","","","","","","","","","","","","","","","","","","","",""
"-108.52","54.13","MEADOW LAKE","406N0NM","2026-10-06","2026","10","06","","","","","","","","","","","","","","","","","","","","","","",""
"-108.52","54.13","MEADOW LAKE","406N0NM","2026-10-07","2026","10","07","","","","","","","","","","","","","","","","","","","","","","",""
"-108.52","54.13","MEADOW LAKE","406N0NM","2026-10-08","2026","10","08","","","","","","","","","","","","","","","","","","","","","","",""
"-108.52","54.13","MEADOW LAKE","406N0NM","2026-10-09","2026","10","09","","","","","","","","","","","","","","","","","","","","","","",""
"-108.52","54.13","MEADOW LAKE","406N0NM","2026-10-10","2026","10","10","","","","","","","","","","","","","","","","","","","","","","",""
"-108.52","54.13","MEADOW LAKE","406N0NM","2026-10-11","2026","10","11","","","","","","","","","","","","","","","","","","","","","","",""
"-108.52","54.13","MEADOW LAKE","406N0NM","2026-10-12","2026","10","12","","","","","","","","","","","","","","","","","","","","","","",""
"-108.52","54.13","MEADOW LAKE","406N0NM","2026-10-13","2026","10","13","","","","","","","","","","","","","","","","","","","","","","",""
"-108.52","54.13","MEADOW LAKE","406N0NM","2026-10-14","2026","10","14","","","","","","","","","","","","","","","","","","","","","","",""
"-108.52","54.13","MEADOW LAKE","406N0NM","2026-10-15","2026","10","15","","","","","","","","","","","","","","","","","","","","","","",""
"-108.52","54.13","MEADOW LAKE","406N0NM","2026-10-16","2026","10","16","","","","","","","","","","","","","","","","","","","","","","",""
"-108.52","54.13","MEADOW LAKE","406N0NM","2026-10-17","2026","10","17","","","","","","","","","","","","","","","","","","","","","","",""
"-108.52","54.13","MEADOW LAKE","406N0NM","2026-10-18","2026","10","18","","","","","","","","","","","","","","","","","","","","","","",""
"-108.52","54.13","MEADOW LAKE","406N0NM","2026-10-19","2026","10","19","","","","","","","","","","","","","","","","","","","","","","",""
"-108.52","54.13","MEADOW LAKE","406N0NM","2026-10-20","2026","10","20","","","","","","","","","","","","","","","","","","","","","","",""
"-108.52","54.13","MEADOW LAKE","406N0NM","2026-10-21","2026","10","21","","","","","","","","","","","","","","","","","","","","","","",""
"-108.52","54.13","MEADOW LAKE","406N0NM","2026-10-22","2026","10","22","","","","","","","","","","","","","","","","","","","","","","",""
"-108.52","54.13","MEADOW LAKE","406N0NM","2026-10-23","2026","10","23","","","","","","","","","","","","","","","","","","","","","","",""
"-108.52","54.13","MEADOW LAKE","406N0NM","2026-10-24","2026","10","24","","","","","","","","","","","","","","","","","","","","","","",""
"-108.52","54.13","MEADOW LAKE","406N0NM","2026-10-25","2026","10","25","","","","","","","","","","","","","","","","","","","","","","",""
"-108.52","54.13","MEADOW LAKE","406N0NM","2026-10-26","2026","10","26","","","","","","","","","","","","","","","","","","","","","","",""
"-108.52","54.13","MEADOW LAKE","406N0NM","2026-10-27","2026","10","27","","","","","","","","","","","","","","","","","","","","","","",""
"-108.52","54.13","MEADOW LAKE","406N0NM","2026-10-28","2026","10","28","","","","","","","","","","","","","","","","","","","","","","",""
"-108.52","54.13","MEADOW LAKE","406N0NM","2026-10-29","2026","10","29","","","","","","","","","","","","","","","","","","","","","","",""
"-108.52","54.13","MEADOW LAKE","406N0NM","2026-10-30","2026","10","30","","","","","","","","","","","","","","","","","","","","","","",""
"-108.52","54.13","MEADOW LAKE","406N0NM","2026-10-31","2026","10","31","","","","","","","","","","","","","","","","","","","","","","",""
"-108.52","54.13","MEADOW LAKE","406N0NM","2026-11-01","2026","11","01","","","","","","","","","","","","","","","","","","","","","","",""
"-108.52","54.13","MEADOW LAKE","406N0NM","2026-11-02","2026","11","02","","","","","","","","","","","","","","","","","","","","","","",""
"-108.52","54.13","MEADOW LAKE","406N0NM","2026-11-03","2026","11","03","","","","","","","","","","","","","","","","","","","","","","",""
"-108.52","54.13","MEADOW LAKE","406N0NM","2026-11-04","2026","11","04","","","","","","","","","","","","","","","","","","","","","","",""
"-108.52","54.13","MEADOW LAKE","406N0NM","2026-11-05","2026","11","05","","","","","","","","","","","","","","","","","","","","","","",""
"-108.52","54.13","MEADOW LAKE","406N0NM","2026-11-06","2026","11","06","","","","","","","","","","","","","","","","","","","","","","",""
"-108.52","54.13","MEADOW LAKE","406N0NM","2026-11-07","2026","11","07","","","","","","","","","","","","","","","","","","","","","","",""
"-108.52","54.13","MEADOW LAKE","406N0NM","2026-11-08","2026","11","08","","","","","","","","","","","","","","","","","","","","","","",""
"-108.52","54.13","MEADOW LAKE","406N0NM","2026-11-09","2026","11","09","","","","","","","","","","","","","","","","","","","","","","",""
"-108.52","54.13","MEADOW LAKE","406N0NM","2026-11-10","2026","11","10","","","","","","","","","","","","","","","","","","","","","","",""
"-108.52","54.13","MEADOW LAKE","406N0NM","2026-11-11","2026","11","11","","","","","","","","","","","","","","","","","","","","","","",""
"-108.52","54.13","MEADOW LAKE","406N0NM","2026-11-12","2026","11","12","","","","","","","","","","","","","","","","","","","","","","",""
"-108.52","54.13","MEADOW LAKE","406N0NM","2026-11-13","2026","11","13","","","","","","","","","","","","","","","","","","","","","","",""
"-108.52","54.13","MEADOW LAKE","406N0NM","2026-11-14","2026","11","14","","","","","","","","","","","","","","","","","","","","","","",""
"-108.52","54.13","MEADOW LAKE","406N0NM","2026-11-15","2026","11","15","","","","","","","","","","","","","","","","","","","","","","",""
"-108.52","54.13","MEADOW LAKE","406N0NM","2026-11-16","2026","11","16","","","","","","","","","","","","","","","","","","","","","","",""
"-108.52","54.13","MEADOW LAKE","406N0NM","2026-11-17","2026","11","17","","","","","","","","","","","","","","","","","","","","","","",""
"-108.52","54.13","MEADOW LAKE","406N0NM","2026-11-18","2026","11","18","","","","","","","","","","","","","","","","","","","","","","",""
"-108.52","54.13","MEADOW LAKE","406N0NM","2026-11-19","2026","11","19","","","","","","","","","","","","","","","","","","","","","","",""
"-108.52","54.13","MEADOW LAKE","406N0NM","2026-11-20","2026","11","20","","","","","","","","","","","","","","","","","","","","","","",""
"-108.52","54.13","MEADOW LAKE","406N0NM","2026-11-21","2026","11","21","","","","","","","","","","","","","","","","","","","","","","",""
"-108.52","54.13","MEADOW LAKE","406N0NM","2026-11-22","2026","11","22","","","","","","","","","","","","","","","","","","","","","","",""
"-108.52","54.13","MEADOW LAKE","406N0NM","2026-11-23","2026","11","23","","","","","","","","","","","","","","","","","","","","","","",""
"-108.52","54.13","MEADOW LAKE","406N0NM","2026-11-24","2026","11","24","","","","","","","","","","","","","","","","","","","","","","",""
"-108.52","54.13","MEADOW LAKE","406N0NM","2026-11-25","2026","11","25","","","","","","","","","","","","","","","","","","","","","","",""
"-108.52","54.13","MEADOW LAKE","406N0NM","2026-11-26","2026","11","26","","","","","","","","","","","","","","","","","","","","","","",""
"-108.52","54.13","MEADOW LAKE","406N0NM","2026-11-27","2026","11","27","","","","","","","","","","","","","","","","","","","","","","",""
"-108.52","54.13","MEADOW LAKE","406N0NM","2026-11-28","2026","11","28","","","","","","","","","","","","","","","","","","","","","","",""
"-108.52","54.13","MEADOW LAKE","406N0NM","2026-11-29","2026","11","29","","","","","","","","","","","","","","","","","","","","","","",""
"-108.52","54.13","MEADOW LAKE","406N0NM","2026-11-30","2026","11","30","","","","","","","","","","","","","","","","","","","","","","",""
"-108.52","54.13","MEADOW LAKE","406N0NM","2026-12-01","2026","12","01","","","","","","","","","","","","","","","","","","","","","","",""
"-108.52","54.13","MEADOW LAKE","406N0NM","2026-12-02","2026","12","02","","","","","","","","","","","","","","","","","","","","","","",""
"-108.52","54.13","MEADOW LAKE","406N0NM","2026-12-03","2026","12","03","","","","","","","","","","","","","","","","","","","","","","",""
"-108.52","54.13","MEADOW LAKE","406N0NM","2026-12-04","2026","12","04","","","","","","","","","","","","","","","","","","","","","","",""
"-108.52","54.13","MEADOW LAKE","406N0NM","2026-12-05","2026","12","05","","","","","","","","","","","","","","","","","","","","","","",""
"-108.52","54.13","MEADOW LAKE","406N0NM","2026-12-06","2026","12","06","","","","","","","","","","","","","","","","","","","","","","",""
"-108.52","54.13","MEADOW LAKE","406N0NM","2026-12-07","2026","12","07","","","","","","","","","","","","","","","","","","","","","","",""
"-108.52","54.13","MEADOW LAKE","406N0NM","2026-12-08","2026","12","08","","","","","","","","","","","","","","","","","","","","","","",""
"-108.52","54.13","MEADOW LAKE","406N0NM","2026-12-09","2026","12","09","","","","","","","","","","","","","","","","","","","","","","",""
"-108.52","54.13","MEADOW LAKE","406N0NM","2026-12-10","2026","12","10","","","","","","","","","","","","","","","","","","","","","","",""
"-108.52","54.13","MEADOW LAKE","406N0NM","2026-12-11","2026","12","11","","","","","","","","","","","","","","","","","","","","","","",""
"-108.52","54.13","MEADOW LAKE","406N0NM","2026-12-12","2026","12","12","","","","","","","","","","","","","","","","","","","","","","",""
"-108.52","54.13","MEADOW LAKE","406N0NM","2026-12-13","2026","12","13","","","","","","","","","","","","","","","","","","","","","","",""
"-108.52","54.13","MEADOW LAKE","406N0NM","2026-12-14","2026","12","14","","","","","","","","","","","","","","","","","","","","","","",""
"-108.52","54.13","MEADOW LAKE","406N0NM","2026-12-15","2026","12","15","","","","","","","","","","","","","","","","","","","","","","",""
"-108.52","54.13","MEADOW LAKE","406N0NM","2026-12-16","2026","12","16","","","","","","","","","","","","","","","","","","","","","","",""
"-108.52","54.13","MEADOW LAKE","406N0NM","2026-12-17","2026","12","17","","","","","","","","","","","","","","","","","","","","","","",""
"-108.52","54.13","MEADOW LAKE","406N0NM","2026-12-18","2026","12","18","","","","","","","","","","","","","","","","","","","","","","",""
"-108.52","54.13","MEADOW LAKE","406N0NM","2026-12-19","2026","12","19","","","","","","","","","","","","","","","","","","","","","","",""
"-108.52","54.13","MEADOW LAKE","406N0NM","2026-12-20","2026","12","20","","","","","","","","","","","","","","","","","","","","","","",""
"-108.52","54.13","MEADOW LAKE","406N0NM","2026-12-21","2026","12","21","","","","","","","","","","","","","","","","","","","","","","",""
"-108.52","54.13","MEADOW LAKE","406N0NM","2026-12-22","2026","12","22","","","","","","","","","","","","","","","","","","","","","","",""
"-108.52","54.13","MEADOW LAKE","406N0NM","2026-12-23","2026","12","23","","","","","","","","","","","","","","","","","","","","","","",""
"-108.52","54.13","MEADOW LAKE","406N0NM","2026-12-24","2026","12","24","","","","","","","","","","","","","","","","","","","","","","",""
"-108.52","54.13","MEADOW LAKE","406N0NM","2026-12-25","2026","12","25","","","","","","","","","","","","","","","","","","","","","","",""
"-108.52","54.13","MEADOW LAKE","406N0NM","2026-12-26","2026","12","26","","","","","","","","","","","","","","","","","","","","","","",""
"-108.52","54.13","MEADOW LAKE","406N0NM","2026-12-27","2026","12","27","","","","","","","","","","","","","","","","","","","","","","",""
"-108.52","54.13","MEADOW LAKE","406N0NM","2026-12-28","2026","12","28","","","","","","","","","","","","","","","","","","","","","","",""
"-108.52","54.13","MEADOW LAKE","406N0NM","2026-12-29","2026","12","29","","","","","","","","","","","","","","","","","","","","","","",""
"-108.52","54.13","MEADOW LAKE","406N0NM","2026-12-30","2026","12","30","","","","","","","","","","","","","","","","","","","","","","",""
"-108.52","54.13","MEADOW LAKE","406N0NM","2026-12-31","2026","12","31","","","","","","","","","","","","","","","","","","","","","","",""
